1 1 1 1 1 1 1 1 0 1 1 1 1 1 1 1 1
1 22 22 22 22 22 22 22 22 22 22 22 22 22 22 1
1 22 21 21 24 23 21 22 22 23 24 23 22 22 22 1
1 22 22 23 22 24 21 22 21 23 24 23 24 23 22 1
1 22 22 22 21 24 24 21 21 21 22 24 22 24 22 1
1 22 22 24 21 23 24 22 24 22 23 22 24 24 22 1
1 22 21 22 21 22 24 23 21 21 22 21 22 21 22 1
1 22 21 22 22 24 24 24 22 24 21 21 24 21 22 1
1 22 24 23 24 21 24 22 22 22 21 24 21 21 22 1
1 22 22 21 24 23 24 22 24 21 24 23 22 22 22 1
1 22 22 22 22 22 22 22 22 22 22 22 22 22 22 1
1 1 1 1 1 1 1 1 1 1 1 1 1 1 1 1
